[2025-02-01T17:28:17.992+0000] {local_task_job_runner.py:120} INFO - ::group::Pre task execution logs
[2025-02-01T17:28:18.006+0000] {taskinstance.py:2076} INFO - Dependencies all met for dep_context=non-requeueable deps ti=<TaskInstance: dag_with_postgres_hooks.plot scheduled__2024-12-31T13:30:00+00:00 [queued]>
[2025-02-01T17:28:18.009+0000] {taskinstance.py:2076} INFO - Dependencies all met for dep_context=requeueable deps ti=<TaskInstance: dag_with_postgres_hooks.plot scheduled__2024-12-31T13:30:00+00:00 [queued]>
[2025-02-01T17:28:18.009+0000] {taskinstance.py:2306} INFO - Starting attempt 1 of 1
[2025-02-01T17:28:18.014+0000] {taskinstance.py:2330} INFO - Executing <Task(PythonOperator): plot> on 2024-12-31 13:30:00+00:00
[2025-02-01T17:28:18.020+0000] {warnings.py:112} WARNING - /home/***/.local/lib/python3.12/site-packages/***/task/task_runner/standard_task_runner.py:62: DeprecationWarning: This process (pid=352) is multi-threaded, use of fork() may lead to deadlocks in the child.
  pid = os.fork()

[2025-02-01T17:28:18.021+0000] {standard_task_runner.py:64} INFO - Started process 387 to run task
[2025-02-01T17:28:18.024+0000] {standard_task_runner.py:90} INFO - Running: ['***', 'tasks', 'run', 'dag_with_postgres_hooks', 'plot', 'scheduled__2024-12-31T13:30:00+00:00', '--job-id', '1457', '--raw', '--subdir', 'DAGS_FOLDER/Stock_pred.py', '--cfg-path', '/tmp/tmpp48hj_e2']
[2025-02-01T17:28:18.025+0000] {standard_task_runner.py:91} INFO - Job 1457: Subtask plot
[2025-02-01T17:28:18.048+0000] {task_command.py:426} INFO - Running <TaskInstance: dag_with_postgres_hooks.plot scheduled__2024-12-31T13:30:00+00:00 [running]> on host b7aba691e1ff
[2025-02-01T17:28:18.091+0000] {taskinstance.py:2648} INFO - Exporting env vars: AIRFLOW_CTX_DAG_EMAIL='***@example.com' AIRFLOW_CTX_DAG_OWNER='***' AIRFLOW_CTX_DAG_ID='dag_with_postgres_hooks' AIRFLOW_CTX_TASK_ID='plot' AIRFLOW_CTX_EXECUTION_DATE='2024-12-31T13:30:00+00:00' AIRFLOW_CTX_TRY_NUMBER='1' AIRFLOW_CTX_DAG_RUN_ID='scheduled__2024-12-31T13:30:00+00:00'
[2025-02-01T17:28:18.092+0000] {taskinstance.py:430} INFO - ::endgroup::
[2025-02-01T17:28:18.119+0000] {logging_mixin.py:188} INFO -            DATE    CLOSE
0    2020-10-02  10328.0
1    2020-10-05  10597.0
2    2020-10-08  10418.0
3    2020-10-09  10553.0
4    2020-10-12  10463.0
..          ...      ...
434  2024-12-09  25500.0
435  2024-12-11  25400.0
436  2024-12-17  25200.0
437  2024-12-18  25150.0
438  2025-02-01  25350.0

[439 rows x 2 columns]
[2025-02-01T17:28:18.126+0000] {logging_mixin.py:188} INFO - 2025-02-01
[2025-02-01T17:28:18.129+0000] {logging_mixin.py:188} INFO - 2025-02-02 00:00:00
[2025-02-01T17:28:18.130+0000] {logging_mixin.py:188} INFO -                      pred_index
2025-02-01              25350.0
2025-02-02 00:00:00     25387.0
[2025-02-01T17:28:18.135+0000] {logging_mixin.py:188} INFO -             pred_index
2025-02-01     25350.0
2025-02-02     25387.0
[2025-02-01T17:28:18.137+0000] {logging_mixin.py:188} INFO -        CLOSE        DATE
0    10328.0  2020-10-02
1    10597.0  2020-10-05
2    10418.0  2020-10-08
3    10553.0  2020-10-09
4    10463.0  2020-10-12
..       ...         ...
434  25500.0  2024-12-09
435  25400.0  2024-12-11
436  25200.0  2024-12-17
437  25150.0  2024-12-18
438  25350.0  2025-02-01

[439 rows x 2 columns]
[2025-02-01T17:28:18.138+0000] {logging_mixin.py:188} INFO -    pred_index        date
0     25350.0  2025-02-01
1     25387.0  2025-02-02
[2025-02-01T17:28:18.424+0000] {python.py:237} INFO - Done. Returned value was: None
[2025-02-01T17:28:18.425+0000] {taskinstance.py:441} INFO - ::group::Post task execution logs
[2025-02-01T17:28:18.428+0000] {taskinstance.py:1206} INFO - Marking task as SUCCESS. dag_id=dag_with_postgres_hooks, task_id=plot, run_id=scheduled__2024-12-31T13:30:00+00:00, execution_date=20241231T133000, start_date=20250201T172818, end_date=20250201T172818
[2025-02-01T17:28:18.446+0000] {local_task_job_runner.py:243} INFO - Task exited with return code 0
[2025-02-01T17:28:18.457+0000] {taskinstance.py:3503} INFO - 1 downstream tasks scheduled from follow-on schedule check
[2025-02-01T17:28:18.458+0000] {local_task_job_runner.py:222} INFO - ::endgroup::
