[2025-03-12T20:32:54.604+0000] {local_task_job_runner.py:120} INFO - ::group::Pre task execution logs
[2025-03-12T20:32:54.619+0000] {taskinstance.py:2076} INFO - Dependencies all met for dep_context=non-requeueable deps ti=<TaskInstance: dag_with_postgres_hooks.plot scheduled__2025-03-10T13:30:00+00:00 [queued]>
[2025-03-12T20:32:54.629+0000] {taskinstance.py:2076} INFO - Dependencies all met for dep_context=requeueable deps ti=<TaskInstance: dag_with_postgres_hooks.plot scheduled__2025-03-10T13:30:00+00:00 [queued]>
[2025-03-12T20:32:54.632+0000] {taskinstance.py:2306} INFO - Starting attempt 1 of 1
[2025-03-12T20:32:54.647+0000] {taskinstance.py:2330} INFO - Executing <Task(PythonOperator): plot> on 2025-03-10 13:30:00+00:00
[2025-03-12T20:32:54.659+0000] {warnings.py:112} WARNING - /home/***/.local/lib/python3.12/site-packages/***/task/task_runner/standard_task_runner.py:62: DeprecationWarning: This process (pid=479) is multi-threaded, use of fork() may lead to deadlocks in the child.
  pid = os.fork()

[2025-03-12T20:32:54.660+0000] {standard_task_runner.py:64} INFO - Started process 533 to run task
[2025-03-12T20:32:54.661+0000] {standard_task_runner.py:90} INFO - Running: ['***', 'tasks', 'run', 'dag_with_postgres_hooks', 'plot', 'scheduled__2025-03-10T13:30:00+00:00', '--job-id', '1631', '--raw', '--subdir', 'DAGS_FOLDER/Stock_pred.py', '--cfg-path', '/tmp/tmpdamdyqi7']
[2025-03-12T20:32:54.663+0000] {standard_task_runner.py:91} INFO - Job 1631: Subtask plot
[2025-03-12T20:32:54.688+0000] {task_command.py:426} INFO - Running <TaskInstance: dag_with_postgres_hooks.plot scheduled__2025-03-10T13:30:00+00:00 [running]> on host b7aba691e1ff
[2025-03-12T20:32:54.756+0000] {taskinstance.py:2648} INFO - Exporting env vars: AIRFLOW_CTX_DAG_EMAIL='***@example.com' AIRFLOW_CTX_DAG_OWNER='***' AIRFLOW_CTX_DAG_ID='dag_with_postgres_hooks' AIRFLOW_CTX_TASK_ID='plot' AIRFLOW_CTX_EXECUTION_DATE='2025-03-10T13:30:00+00:00' AIRFLOW_CTX_TRY_NUMBER='1' AIRFLOW_CTX_DAG_RUN_ID='scheduled__2025-03-10T13:30:00+00:00'
[2025-03-12T20:32:54.756+0000] {taskinstance.py:430} INFO - ::endgroup::
[2025-03-12T20:32:54.785+0000] {logging_mixin.py:188} INFO -            DATE    CLOSE
0    2022-12-30  15366.0
1    2023-01-03  15927.0
2    2023-01-04  15892.0
3    2023-01-05  16033.0
4    2023-01-06  16243.0
..          ...      ...
185  2025-01-23  25300.0
186  2025-02-02  25350.0
187  2025-02-06  25500.0
188  2025-03-07  26650.0
189  2025-03-12  26300.0

[190 rows x 2 columns]
[2025-03-12T20:32:54.794+0000] {logging_mixin.py:188} INFO - 2025-03-12
[2025-03-12T20:32:54.797+0000] {logging_mixin.py:188} INFO - 2025-03-13 00:00:00
[2025-03-12T20:32:54.799+0000] {logging_mixin.py:188} INFO -                      pred_index
2025-03-12              26300.0
2025-03-13 00:00:00     26210.0
[2025-03-12T20:32:54.802+0000] {logging_mixin.py:188} INFO -             pred_index
2025-03-12     26300.0
2025-03-13     26210.0
[2025-03-12T20:32:54.804+0000] {logging_mixin.py:188} INFO -        CLOSE        DATE
0    15366.0  2022-12-30
1    15927.0  2023-01-03
2    15892.0  2023-01-04
3    16033.0  2023-01-05
4    16243.0  2023-01-06
..       ...         ...
185  25300.0  2025-01-23
186  25350.0  2025-02-02
187  25500.0  2025-02-06
188  26650.0  2025-03-07
189  26300.0  2025-03-12

[190 rows x 2 columns]
[2025-03-12T20:32:54.805+0000] {logging_mixin.py:188} INFO -    pred_index        date
0     26300.0  2025-03-12
1     26210.0  2025-03-13
[2025-03-12T20:32:55.085+0000] {python.py:237} INFO - Done. Returned value was: None
[2025-03-12T20:32:55.088+0000] {taskinstance.py:441} INFO - ::group::Post task execution logs
[2025-03-12T20:32:55.095+0000] {taskinstance.py:1206} INFO - Marking task as SUCCESS. dag_id=dag_with_postgres_hooks, task_id=plot, run_id=scheduled__2025-03-10T13:30:00+00:00, execution_date=20250310T133000, start_date=20250312T203254, end_date=20250312T203255
[2025-03-12T20:32:55.135+0000] {local_task_job_runner.py:243} INFO - Task exited with return code 0
[2025-03-12T20:32:55.158+0000] {taskinstance.py:3503} INFO - 1 downstream tasks scheduled from follow-on schedule check
[2025-03-12T20:32:55.159+0000] {local_task_job_runner.py:222} INFO - ::endgroup::
