[2024-10-10T11:23:03.382+0000] {local_task_job_runner.py:120} INFO - ::group::Pre task execution logs
[2024-10-10T11:23:03.390+0000] {taskinstance.py:2076} INFO - Dependencies all met for dep_context=non-requeueable deps ti=<TaskInstance: dag_with_postgres_hooks.plot manual__2024-10-10T11:22:41.011281+00:00 [queued]>
[2024-10-10T11:23:03.393+0000] {taskinstance.py:2076} INFO - Dependencies all met for dep_context=requeueable deps ti=<TaskInstance: dag_with_postgres_hooks.plot manual__2024-10-10T11:22:41.011281+00:00 [queued]>
[2024-10-10T11:23:03.394+0000] {taskinstance.py:2306} INFO - Starting attempt 1 of 1
[2024-10-10T11:23:03.398+0000] {taskinstance.py:2330} INFO - Executing <Task(PythonOperator): plot> on 2024-10-10 11:22:41.011281+00:00
[2024-10-10T11:23:03.403+0000] {warnings.py:112} WARNING - /home/***/.local/lib/python3.12/site-packages/***/task/task_runner/standard_task_runner.py:62: DeprecationWarning: This process (pid=5698) is multi-threaded, use of fork() may lead to deadlocks in the child.
  pid = os.fork()

[2024-10-10T11:23:03.403+0000] {standard_task_runner.py:64} INFO - Started process 5709 to run task
[2024-10-10T11:23:03.404+0000] {standard_task_runner.py:90} INFO - Running: ['***', 'tasks', 'run', 'dag_with_postgres_hooks', 'plot', 'manual__2024-10-10T11:22:41.011281+00:00', '--job-id', '1058', '--raw', '--subdir', 'DAGS_FOLDER/Stock_pred.py', '--cfg-path', '/tmp/tmpes5ngqiz']
[2024-10-10T11:23:03.405+0000] {standard_task_runner.py:91} INFO - Job 1058: Subtask plot
[2024-10-10T11:23:03.420+0000] {task_command.py:426} INFO - Running <TaskInstance: dag_with_postgres_hooks.plot manual__2024-10-10T11:22:41.011281+00:00 [running]> on host b7aba691e1ff
[2024-10-10T11:23:03.449+0000] {taskinstance.py:2648} INFO - Exporting env vars: AIRFLOW_CTX_DAG_EMAIL='***@example.com' AIRFLOW_CTX_DAG_OWNER='***' AIRFLOW_CTX_DAG_ID='dag_with_postgres_hooks' AIRFLOW_CTX_TASK_ID='plot' AIRFLOW_CTX_EXECUTION_DATE='2024-10-10T11:22:41.011281+00:00' AIRFLOW_CTX_TRY_NUMBER='1' AIRFLOW_CTX_DAG_RUN_ID='manual__2024-10-10T11:22:41.011281+00:00'
[2024-10-10T11:23:03.450+0000] {taskinstance.py:430} INFO - ::endgroup::
[2024-10-10T11:23:03.469+0000] {logging_mixin.py:188} INFO -            DATE    CLOSE
0    2020-10-02  10328.0
1    2020-10-05  10597.0
2    2020-10-08  10418.0
3    2020-10-09  10553.0
4    2020-10-12  10463.0
..          ...      ...
429  2024-10-04  25400.0
430  2024-10-07  25450.0
431  2024-10-08  25500.0
432  2024-10-09  26250.0
433  2024-10-10  26200.0

[434 rows x 2 columns]
[2024-10-10T11:23:03.474+0000] {logging_mixin.py:188} INFO - 2024-10-10
[2024-10-10T11:23:03.476+0000] {logging_mixin.py:188} INFO - 2024-10-11 00:00:00
[2024-10-10T11:23:03.477+0000] {logging_mixin.py:188} INFO -                      pred_index
2024-10-10              26200.0
2024-10-11 00:00:00     26075.0
[2024-10-10T11:23:03.479+0000] {logging_mixin.py:188} INFO -             pred_index
2024-10-10     26200.0
2024-10-11     26075.0
[2024-10-10T11:23:03.481+0000] {logging_mixin.py:188} INFO -        CLOSE        DATE
0    10328.0  2020-10-02
1    10597.0  2020-10-05
2    10418.0  2020-10-08
3    10553.0  2020-10-09
4    10463.0  2020-10-12
..       ...         ...
429  25400.0  2024-10-04
430  25450.0  2024-10-07
431  25500.0  2024-10-08
432  26250.0  2024-10-09
433  26200.0  2024-10-10

[434 rows x 2 columns]
[2024-10-10T11:23:03.482+0000] {logging_mixin.py:188} INFO -    pred_index        date
0     26200.0  2024-10-10
1     26075.0  2024-10-11
[2024-10-10T11:23:03.628+0000] {python.py:237} INFO - Done. Returned value was: None
[2024-10-10T11:23:03.629+0000] {taskinstance.py:441} INFO - ::group::Post task execution logs
[2024-10-10T11:23:03.632+0000] {taskinstance.py:1206} INFO - Marking task as SUCCESS. dag_id=dag_with_postgres_hooks, task_id=plot, run_id=manual__2024-10-10T11:22:41.011281+00:00, execution_date=20241010T112241, start_date=20241010T112303, end_date=20241010T112303
[2024-10-10T11:23:03.673+0000] {local_task_job_runner.py:243} INFO - Task exited with return code 0
[2024-10-10T11:23:03.683+0000] {taskinstance.py:3503} INFO - 1 downstream tasks scheduled from follow-on schedule check
[2024-10-10T11:23:03.684+0000] {local_task_job_runner.py:222} INFO - ::endgroup::
