[2024-11-03T13:30:19.422+0000] {local_task_job_runner.py:120} INFO - ::group::Pre task execution logs
[2024-11-03T13:30:19.430+0000] {taskinstance.py:2076} INFO - Dependencies all met for dep_context=non-requeueable deps ti=<TaskInstance: dag_with_postgres_hooks.plot scheduled__2024-11-02T13:30:00+00:00 [queued]>
[2024-11-03T13:30:19.433+0000] {taskinstance.py:2076} INFO - Dependencies all met for dep_context=requeueable deps ti=<TaskInstance: dag_with_postgres_hooks.plot scheduled__2024-11-02T13:30:00+00:00 [queued]>
[2024-11-03T13:30:19.433+0000] {taskinstance.py:2306} INFO - Starting attempt 1 of 1
[2024-11-03T13:30:19.438+0000] {taskinstance.py:2330} INFO - Executing <Task(PythonOperator): plot> on 2024-11-02 13:30:00+00:00
[2024-11-03T13:30:19.442+0000] {warnings.py:112} WARNING - /home/***/.local/lib/python3.12/site-packages/***/task/task_runner/standard_task_runner.py:62: DeprecationWarning: This process (pid=6074) is multi-threaded, use of fork() may lead to deadlocks in the child.
  pid = os.fork()

[2024-11-03T13:30:19.443+0000] {standard_task_runner.py:64} INFO - Started process 6085 to run task
[2024-11-03T13:30:19.443+0000] {standard_task_runner.py:90} INFO - Running: ['***', 'tasks', 'run', 'dag_with_postgres_hooks', 'plot', 'scheduled__2024-11-02T13:30:00+00:00', '--job-id', '1285', '--raw', '--subdir', 'DAGS_FOLDER/Stock_pred.py', '--cfg-path', '/tmp/tmp_mupyk5r']
[2024-11-03T13:30:19.444+0000] {standard_task_runner.py:91} INFO - Job 1285: Subtask plot
[2024-11-03T13:30:19.460+0000] {task_command.py:426} INFO - Running <TaskInstance: dag_with_postgres_hooks.plot scheduled__2024-11-02T13:30:00+00:00 [running]> on host b7aba691e1ff
[2024-11-03T13:30:19.489+0000] {taskinstance.py:2648} INFO - Exporting env vars: AIRFLOW_CTX_DAG_EMAIL='***@example.com' AIRFLOW_CTX_DAG_OWNER='***' AIRFLOW_CTX_DAG_ID='dag_with_postgres_hooks' AIRFLOW_CTX_TASK_ID='plot' AIRFLOW_CTX_EXECUTION_DATE='2024-11-02T13:30:00+00:00' AIRFLOW_CTX_TRY_NUMBER='1' AIRFLOW_CTX_DAG_RUN_ID='scheduled__2024-11-02T13:30:00+00:00'
[2024-11-03T13:30:19.489+0000] {taskinstance.py:430} INFO - ::endgroup::
[2024-11-03T13:30:19.508+0000] {logging_mixin.py:188} INFO -            DATE    CLOSE
0    2020-10-02  10328.0
1    2020-10-05  10597.0
2    2020-10-08  10418.0
3    2020-10-09  10553.0
4    2020-10-12  10463.0
..          ...      ...
431  2024-10-09  26250.0
432  2024-10-10  26200.0
433  2024-10-11  26100.0
434  2024-10-30  25100.0
435  2024-11-03  24900.0

[436 rows x 2 columns]
[2024-11-03T13:30:19.512+0000] {logging_mixin.py:188} INFO - 2024-11-03
[2024-11-03T13:30:19.514+0000] {logging_mixin.py:188} INFO - 2024-11-04 00:00:00
[2024-11-03T13:30:19.515+0000] {logging_mixin.py:188} INFO -                      pred_index
2024-11-03              24900.0
2024-11-04 00:00:00     24775.0
[2024-11-03T13:30:19.518+0000] {logging_mixin.py:188} INFO -             pred_index
2024-11-03     24900.0
2024-11-04     24775.0
[2024-11-03T13:30:19.520+0000] {logging_mixin.py:188} INFO -        CLOSE        DATE
0    10328.0  2020-10-02
1    10597.0  2020-10-05
2    10418.0  2020-10-08
3    10553.0  2020-10-09
4    10463.0  2020-10-12
..       ...         ...
431  26250.0  2024-10-09
432  26200.0  2024-10-10
433  26100.0  2024-10-11
434  25100.0  2024-10-30
435  24900.0  2024-11-03

[436 rows x 2 columns]
[2024-11-03T13:30:19.521+0000] {logging_mixin.py:188} INFO -    pred_index        date
0     24900.0  2024-11-03
1     24775.0  2024-11-04
[2024-11-03T13:30:19.697+0000] {python.py:237} INFO - Done. Returned value was: None
[2024-11-03T13:30:19.697+0000] {taskinstance.py:441} INFO - ::group::Post task execution logs
[2024-11-03T13:30:19.701+0000] {taskinstance.py:1206} INFO - Marking task as SUCCESS. dag_id=dag_with_postgres_hooks, task_id=plot, run_id=scheduled__2024-11-02T13:30:00+00:00, execution_date=20241102T133000, start_date=20241103T133019, end_date=20241103T133019
[2024-11-03T13:30:19.723+0000] {local_task_job_runner.py:243} INFO - Task exited with return code 0
[2024-11-03T13:30:19.734+0000] {taskinstance.py:3503} INFO - 1 downstream tasks scheduled from follow-on schedule check
[2024-11-03T13:30:19.735+0000] {local_task_job_runner.py:222} INFO - ::endgroup::
