[2024-08-29T09:28:38.462+0000] {local_task_job_runner.py:120} INFO - ::group::Pre task execution logs
[2024-08-29T09:28:38.472+0000] {taskinstance.py:2076} INFO - Dependencies all met for dep_context=non-requeueable deps ti=<TaskInstance: dag_with_postgres_hooks.plot manual__2024-08-29T09:28:17.852068+00:00 [queued]>
[2024-08-29T09:28:38.476+0000] {taskinstance.py:2076} INFO - Dependencies all met for dep_context=requeueable deps ti=<TaskInstance: dag_with_postgres_hooks.plot manual__2024-08-29T09:28:17.852068+00:00 [queued]>
[2024-08-29T09:28:38.476+0000] {taskinstance.py:2306} INFO - Starting attempt 1 of 1
[2024-08-29T09:28:38.481+0000] {taskinstance.py:2330} INFO - Executing <Task(PythonOperator): plot> on 2024-08-29 09:28:17.852068+00:00
[2024-08-29T09:28:38.487+0000] {warnings.py:112} WARNING - /home/***/.local/lib/python3.12/site-packages/***/task/task_runner/standard_task_runner.py:62: DeprecationWarning: This process (pid=2175) is multi-threaded, use of fork() may lead to deadlocks in the child.
  pid = os.fork()

[2024-08-29T09:28:38.488+0000] {standard_task_runner.py:64} INFO - Started process 2186 to run task
[2024-08-29T09:28:38.489+0000] {standard_task_runner.py:90} INFO - Running: ['***', 'tasks', 'run', 'dag_with_postgres_hooks', 'plot', 'manual__2024-08-29T09:28:17.852068+00:00', '--job-id', '959', '--raw', '--subdir', 'DAGS_FOLDER/Stock_pred.py', '--cfg-path', '/tmp/tmps8sd1y79']
[2024-08-29T09:28:38.489+0000] {standard_task_runner.py:91} INFO - Job 959: Subtask plot
[2024-08-29T09:28:38.508+0000] {task_command.py:426} INFO - Running <TaskInstance: dag_with_postgres_hooks.plot manual__2024-08-29T09:28:17.852068+00:00 [running]> on host b7aba691e1ff
[2024-08-29T09:28:38.545+0000] {taskinstance.py:2648} INFO - Exporting env vars: AIRFLOW_CTX_DAG_EMAIL='***@example.com' AIRFLOW_CTX_DAG_OWNER='***' AIRFLOW_CTX_DAG_ID='dag_with_postgres_hooks' AIRFLOW_CTX_TASK_ID='plot' AIRFLOW_CTX_EXECUTION_DATE='2024-08-29T09:28:17.852068+00:00' AIRFLOW_CTX_TRY_NUMBER='1' AIRFLOW_CTX_DAG_RUN_ID='manual__2024-08-29T09:28:17.852068+00:00'
[2024-08-29T09:28:38.546+0000] {taskinstance.py:430} INFO - ::endgroup::
[2024-08-29T09:28:38.571+0000] {logging_mixin.py:188} INFO -            DATE    CLOSE
0    2020-07-17   8570.0
1    2020-07-20   8466.0
2    2020-07-21   8501.0
3    2020-07-22   8432.0
4    2020-07-23   8363.0
..          ...      ...
449  2024-07-27  24100.0
450  2024-08-05  27550.0
451  2024-08-08  23250.0
452  2024-08-09  23600.0
453  2024-08-29  24650.0

[454 rows x 2 columns]
[2024-08-29T09:28:38.577+0000] {logging_mixin.py:188} INFO - 2024-08-29
[2024-08-29T09:28:38.580+0000] {logging_mixin.py:188} INFO - 2024-08-30 00:00:00
[2024-08-29T09:28:38.582+0000] {logging_mixin.py:188} INFO -                        pred_index
2024-08-29           24650.000000
2024-08-30 00:00:00  24525.761719
[2024-08-29T09:28:38.586+0000] {logging_mixin.py:188} INFO -               pred_index
2024-08-29  24650.000000
2024-08-30  24525.761719
[2024-08-29T09:28:38.588+0000] {logging_mixin.py:188} INFO -        CLOSE        DATE
0     8570.0  2020-07-17
1     8466.0  2020-07-20
2     8501.0  2020-07-21
3     8432.0  2020-07-22
4     8363.0  2020-07-23
..       ...         ...
449  24100.0  2024-07-27
450  27550.0  2024-08-05
451  23250.0  2024-08-08
452  23600.0  2024-08-09
453  24650.0  2024-08-29

[454 rows x 2 columns]
[2024-08-29T09:28:38.589+0000] {logging_mixin.py:188} INFO -      pred_index        date
0  24650.000000  2024-08-29
1  24525.761719  2024-08-30
[2024-08-29T09:28:38.744+0000] {python.py:237} INFO - Done. Returned value was: None
[2024-08-29T09:28:38.744+0000] {taskinstance.py:441} INFO - ::group::Post task execution logs
[2024-08-29T09:28:38.748+0000] {taskinstance.py:1206} INFO - Marking task as SUCCESS. dag_id=dag_with_postgres_hooks, task_id=plot, run_id=manual__2024-08-29T09:28:17.852068+00:00, execution_date=20240829T092817, start_date=20240829T092838, end_date=20240829T092838
[2024-08-29T09:28:38.796+0000] {local_task_job_runner.py:243} INFO - Task exited with return code 0
[2024-08-29T09:28:38.804+0000] {taskinstance.py:3503} INFO - 1 downstream tasks scheduled from follow-on schedule check
[2024-08-29T09:28:38.805+0000] {local_task_job_runner.py:222} INFO - ::endgroup::
