[2024-07-22T08:36:56.947+0000] {local_task_job_runner.py:120} INFO - ::group::Pre task execution logs
[2024-07-22T08:36:56.956+0000] {taskinstance.py:2076} INFO - Dependencies all met for dep_context=non-requeueable deps ti=<TaskInstance: dag_with_postgres_hooks.pred_time_series manual__2024-07-22T08:36:40.168763+00:00 [queued]>
[2024-07-22T08:36:56.960+0000] {taskinstance.py:2076} INFO - Dependencies all met for dep_context=requeueable deps ti=<TaskInstance: dag_with_postgres_hooks.pred_time_series manual__2024-07-22T08:36:40.168763+00:00 [queued]>
[2024-07-22T08:36:56.960+0000] {taskinstance.py:2306} INFO - Starting attempt 1 of 1
[2024-07-22T08:36:56.965+0000] {taskinstance.py:2330} INFO - Executing <Task(PythonOperator): pred_time_series> on 2024-07-22 08:36:40.168763+00:00
[2024-07-22T08:36:56.970+0000] {warnings.py:112} WARNING - /home/***/.local/lib/python3.12/site-packages/***/task/task_runner/standard_task_runner.py:62: DeprecationWarning: This process (pid=3547) is multi-threaded, use of fork() may lead to deadlocks in the child.
  pid = os.fork()

[2024-07-22T08:36:56.970+0000] {standard_task_runner.py:64} INFO - Started process 3558 to run task
[2024-07-22T08:36:56.971+0000] {standard_task_runner.py:90} INFO - Running: ['***', 'tasks', 'run', 'dag_with_postgres_hooks', 'pred_time_series', 'manual__2024-07-22T08:36:40.168763+00:00', '--job-id', '485', '--raw', '--subdir', 'DAGS_FOLDER/Stock_pred.py', '--cfg-path', '/tmp/tmpn3f8h74u']
[2024-07-22T08:36:56.971+0000] {standard_task_runner.py:91} INFO - Job 485: Subtask pred_time_series
[2024-07-22T08:36:56.989+0000] {task_command.py:426} INFO - Running <TaskInstance: dag_with_postgres_hooks.pred_time_series manual__2024-07-22T08:36:40.168763+00:00 [running]> on host d89911194c67
[2024-07-22T08:36:57.022+0000] {taskinstance.py:2648} INFO - Exporting env vars: AIRFLOW_CTX_DAG_EMAIL='***@example.com' AIRFLOW_CTX_DAG_OWNER='***' AIRFLOW_CTX_DAG_ID='dag_with_postgres_hooks' AIRFLOW_CTX_TASK_ID='pred_time_series' AIRFLOW_CTX_EXECUTION_DATE='2024-07-22T08:36:40.168763+00:00' AIRFLOW_CTX_TRY_NUMBER='1' AIRFLOW_CTX_DAG_RUN_ID='manual__2024-07-22T08:36:40.168763+00:00'
[2024-07-22T08:36:57.022+0000] {taskinstance.py:430} INFO - ::endgroup::
[2024-07-22T08:36:57.049+0000] {logging_mixin.py:188} INFO -            DATE         CLOSE
0    14/07/2020   8293.711328
1    15/07/2020   8293.711328
2    16/07/2020   8293.711328
3    17/07/2020   8570.168372
4    20/07/2020   8466.496980
..          ...           ...
995  15/07/2024  23950.000000
996  16/07/2024  24100.000000
997  17/07/2024  24500.000000
998  18/07/2024  24800.000000
999  19/07/2024  25100.000000

[1000 rows x 2 columns]
[2024-07-22T08:36:57.128+0000] {warnings.py:112} WARNING - /opt/***/dags/Stock_pred.py:257: SettingWithCopyWarning: 
A value is trying to be set on a copy of a slice from a DataFrame

See the caveats in the documentation: https://pandas.pydata.org/pandas-docs/stable/user_guide/indexing.html#returning-a-view-versus-a-copy
  df_new_ts.rename(index={0:date},inplace=True)

[2024-07-22T08:36:57.130+0000] {logging_mixin.py:188} INFO -               CLOSE
22/07/2024  24750.0
[2024-07-22T08:36:57.132+0000] {logging_mixin.py:188} INFO -                    CLOSE
14/07/2020   8293.711328
15/07/2020   8293.711328
16/07/2020   8293.711328
17/07/2020   8570.168372
20/07/2020   8466.496980
...                  ...
16/07/2024  24100.000000
17/07/2024  24500.000000
18/07/2024  24800.000000
19/07/2024  25100.000000
22/07/2024  24750.000000

[1001 rows x 1 columns]
[2024-07-22T08:36:57.141+0000] {base.py:84} INFO - Using connection ID 'postgres_server_2' for task execution.
[2024-07-22T08:36:57.143+0000] {logging_mixin.py:188} INFO -                    CLOSE
2020-07-14   8293.711328
2020-07-15   8293.711328
2020-07-16   8293.711328
2020-07-17   8570.168372
2020-07-20   8466.496980
...                  ...
2024-07-16  24100.000000
2024-07-17  24500.000000
2024-07-18  24800.000000
2024-07-19  25100.000000
2024-07-22  24750.000000

[1001 rows x 1 columns]
[2024-07-22T08:36:57.225+0000] {warnings.py:112} WARNING - /home/***/.local/lib/python3.12/site-packages/keras/src/saving/saving_lib.py:576: UserWarning: Skipping variable loading for optimizer 'rmsprop', because it has 7 variables whereas the saved optimizer has 12 variables. 
  saveable.load_own_variables(weights_store.get(inner_path))

[2024-07-22T08:36:57.337+0000] {logging_mixin.py:188} INFO - 1/1 ━━━━━━━━━━━━━━━━━━━━ 0s 79ms/step
[2024-07-22T08:36:57.337+0000] {logging_mixin.py:188} INFO - 1/1 ━━━━━━━━━━━━━━━━━━━━ 0s 80ms/step
[2024-07-22T08:36:57.345+0000] {python.py:237} INFO - Done. Returned value was: None
[2024-07-22T08:36:57.346+0000] {taskinstance.py:441} INFO - ::group::Post task execution logs
[2024-07-22T08:36:57.349+0000] {taskinstance.py:1206} INFO - Marking task as SUCCESS. dag_id=dag_with_postgres_hooks, task_id=pred_time_series, run_id=manual__2024-07-22T08:36:40.168763+00:00, execution_date=20240722T083640, start_date=20240722T083656, end_date=20240722T083657
[2024-07-22T08:36:57.364+0000] {local_task_job_runner.py:243} INFO - Task exited with return code 0
[2024-07-22T08:36:57.379+0000] {taskinstance.py:3503} INFO - 1 downstream tasks scheduled from follow-on schedule check
[2024-07-22T08:36:57.380+0000] {local_task_job_runner.py:222} INFO - ::endgroup::
