[2024-12-18T10:43:02.208+0000] {local_task_job_runner.py:120} INFO - ::group::Pre task execution logs
[2024-12-18T10:43:02.217+0000] {taskinstance.py:2076} INFO - Dependencies all met for dep_context=non-requeueable deps ti=<TaskInstance: dag_with_postgres_hooks.plot scheduled__2024-12-16T13:30:00+00:00 [queued]>
[2024-12-18T10:43:02.220+0000] {taskinstance.py:2076} INFO - Dependencies all met for dep_context=requeueable deps ti=<TaskInstance: dag_with_postgres_hooks.plot scheduled__2024-12-16T13:30:00+00:00 [queued]>
[2024-12-18T10:43:02.221+0000] {taskinstance.py:2306} INFO - Starting attempt 1 of 1
[2024-12-18T10:43:02.225+0000] {taskinstance.py:2330} INFO - Executing <Task(PythonOperator): plot> on 2024-12-16 13:30:00+00:00
[2024-12-18T10:43:02.231+0000] {warnings.py:112} WARNING - /home/***/.local/lib/python3.12/site-packages/***/task/task_runner/standard_task_runner.py:62: DeprecationWarning: This process (pid=166) is multi-threaded, use of fork() may lead to deadlocks in the child.
  pid = os.fork()

[2024-12-18T10:43:02.232+0000] {standard_task_runner.py:90} INFO - Running: ['***', 'tasks', 'run', 'dag_with_postgres_hooks', 'plot', 'scheduled__2024-12-16T13:30:00+00:00', '--job-id', '1437', '--raw', '--subdir', 'DAGS_FOLDER/Stock_pred.py', '--cfg-path', '/tmp/tmpgor_8o0v']
[2024-12-18T10:43:02.232+0000] {standard_task_runner.py:64} INFO - Started process 173 to run task
[2024-12-18T10:43:02.232+0000] {standard_task_runner.py:91} INFO - Job 1437: Subtask plot
[2024-12-18T10:43:02.249+0000] {task_command.py:426} INFO - Running <TaskInstance: dag_with_postgres_hooks.plot scheduled__2024-12-16T13:30:00+00:00 [running]> on host b7aba691e1ff
[2024-12-18T10:43:02.281+0000] {taskinstance.py:2648} INFO - Exporting env vars: AIRFLOW_CTX_DAG_EMAIL='***@example.com' AIRFLOW_CTX_DAG_OWNER='***' AIRFLOW_CTX_DAG_ID='dag_with_postgres_hooks' AIRFLOW_CTX_TASK_ID='plot' AIRFLOW_CTX_EXECUTION_DATE='2024-12-16T13:30:00+00:00' AIRFLOW_CTX_TRY_NUMBER='1' AIRFLOW_CTX_DAG_RUN_ID='scheduled__2024-12-16T13:30:00+00:00'
[2024-12-18T10:43:02.281+0000] {taskinstance.py:430} INFO - ::endgroup::
[2024-12-18T10:43:02.300+0000] {logging_mixin.py:188} INFO -            DATE    CLOSE
0    2020-10-02  10328.0
1    2020-10-05  10597.0
2    2020-10-08  10418.0
3    2020-10-09  10553.0
4    2020-10-12  10463.0
..          ...      ...
434  2024-12-09  25500.0
435  2024-12-10  25350.0
436  2024-12-11  25400.0
437  2024-12-17  25200.0
438  2024-12-18  25150.0

[439 rows x 2 columns]
[2024-12-18T10:43:02.304+0000] {logging_mixin.py:188} INFO - 2024-12-18
[2024-12-18T10:43:02.306+0000] {logging_mixin.py:188} INFO - 2024-12-19 00:00:00
[2024-12-18T10:43:02.307+0000] {logging_mixin.py:188} INFO -                      pred_index
2024-12-18              25150.0
2024-12-19 00:00:00     25072.0
[2024-12-18T10:43:02.310+0000] {logging_mixin.py:188} INFO -             pred_index
2024-12-18     25150.0
2024-12-19     25072.0
[2024-12-18T10:43:02.311+0000] {logging_mixin.py:188} INFO -        CLOSE        DATE
0    10328.0  2020-10-02
1    10597.0  2020-10-05
2    10418.0  2020-10-08
3    10553.0  2020-10-09
4    10463.0  2020-10-12
..       ...         ...
434  25500.0  2024-12-09
435  25350.0  2024-12-10
436  25400.0  2024-12-11
437  25200.0  2024-12-17
438  25150.0  2024-12-18

[439 rows x 2 columns]
[2024-12-18T10:43:02.313+0000] {logging_mixin.py:188} INFO -    pred_index        date
0     25150.0  2024-12-18
1     25072.0  2024-12-19
[2024-12-18T10:43:02.438+0000] {python.py:237} INFO - Done. Returned value was: None
[2024-12-18T10:43:02.438+0000] {taskinstance.py:441} INFO - ::group::Post task execution logs
[2024-12-18T10:43:02.441+0000] {taskinstance.py:1206} INFO - Marking task as SUCCESS. dag_id=dag_with_postgres_hooks, task_id=plot, run_id=scheduled__2024-12-16T13:30:00+00:00, execution_date=20241216T133000, start_date=20241218T104302, end_date=20241218T104302
[2024-12-18T10:43:02.456+0000] {local_task_job_runner.py:243} INFO - Task exited with return code 0
[2024-12-18T10:43:02.465+0000] {taskinstance.py:3503} INFO - 1 downstream tasks scheduled from follow-on schedule check
[2024-12-18T10:43:02.466+0000] {local_task_job_runner.py:222} INFO - ::endgroup::
