[2025-03-28T14:57:53.020+0000] {local_task_job_runner.py:120} INFO - ::group::Pre task execution logs
[2025-03-28T14:57:53.028+0000] {taskinstance.py:2076} INFO - Dependencies all met for dep_context=non-requeueable deps ti=<TaskInstance: dag_with_postgres_hooks.plot scheduled__2025-03-27T13:30:00+00:00 [queued]>
[2025-03-28T14:57:53.031+0000] {taskinstance.py:2076} INFO - Dependencies all met for dep_context=requeueable deps ti=<TaskInstance: dag_with_postgres_hooks.plot scheduled__2025-03-27T13:30:00+00:00 [queued]>
[2025-03-28T14:57:53.031+0000] {taskinstance.py:2306} INFO - Starting attempt 1 of 1
[2025-03-28T14:57:53.035+0000] {taskinstance.py:2330} INFO - Executing <Task(PythonOperator): plot> on 2025-03-27 13:30:00+00:00
[2025-03-28T14:57:53.040+0000] {warnings.py:112} WARNING - /home/***/.local/lib/python3.12/site-packages/***/task/task_runner/standard_task_runner.py:62: DeprecationWarning: This process (pid=170) is multi-threaded, use of fork() may lead to deadlocks in the child.
  pid = os.fork()

[2025-03-28T14:57:53.041+0000] {standard_task_runner.py:64} INFO - Started process 177 to run task
[2025-03-28T14:57:53.042+0000] {standard_task_runner.py:90} INFO - Running: ['***', 'tasks', 'run', 'dag_with_postgres_hooks', 'plot', 'scheduled__2025-03-27T13:30:00+00:00', '--job-id', '1806', '--raw', '--subdir', 'DAGS_FOLDER/Stock_pred.py', '--cfg-path', '/tmp/tmp9l25xmy1']
[2025-03-28T14:57:53.042+0000] {standard_task_runner.py:91} INFO - Job 1806: Subtask plot
[2025-03-28T14:57:53.058+0000] {task_command.py:426} INFO - Running <TaskInstance: dag_with_postgres_hooks.plot scheduled__2025-03-27T13:30:00+00:00 [running]> on host b7aba691e1ff
[2025-03-28T14:57:53.087+0000] {taskinstance.py:2648} INFO - Exporting env vars: AIRFLOW_CTX_DAG_EMAIL='***@example.com' AIRFLOW_CTX_DAG_OWNER='***' AIRFLOW_CTX_DAG_ID='dag_with_postgres_hooks' AIRFLOW_CTX_TASK_ID='plot' AIRFLOW_CTX_EXECUTION_DATE='2025-03-27T13:30:00+00:00' AIRFLOW_CTX_TRY_NUMBER='1' AIRFLOW_CTX_DAG_RUN_ID='scheduled__2025-03-27T13:30:00+00:00'
[2025-03-28T14:57:53.088+0000] {taskinstance.py:430} INFO - ::endgroup::
[2025-03-28T14:57:53.107+0000] {logging_mixin.py:188} INFO -            DATE    CLOSE
0    2022-12-30  15366.0
1    2023-01-03  15927.0
2    2023-01-04  15892.0
3    2023-01-05  16033.0
4    2023-01-06  16243.0
..          ...      ...
185  2025-03-20  26250.0
186  2025-03-21  26100.0
187  2025-03-26  26150.0
188  2025-03-27  26000.0
189  2025-03-28  25950.0

[190 rows x 2 columns]
[2025-03-28T14:57:53.112+0000] {logging_mixin.py:188} INFO - 2025-03-28
[2025-03-28T14:57:53.114+0000] {logging_mixin.py:188} INFO - 2025-03-29 00:00:00
[2025-03-28T14:57:53.115+0000] {logging_mixin.py:188} INFO -                      pred_index
2025-03-28              25950.0
2025-03-29 00:00:00     25963.0
[2025-03-28T14:57:53.117+0000] {logging_mixin.py:188} INFO -             pred_index
2025-03-28     25950.0
2025-03-29     25963.0
[2025-03-28T14:57:53.118+0000] {logging_mixin.py:188} INFO -        CLOSE        DATE
0    15366.0  2022-12-30
1    15927.0  2023-01-03
2    15892.0  2023-01-04
3    16033.0  2023-01-05
4    16243.0  2023-01-06
..       ...         ...
185  26250.0  2025-03-20
186  26100.0  2025-03-21
187  26150.0  2025-03-26
188  26000.0  2025-03-27
189  25950.0  2025-03-28

[190 rows x 2 columns]
[2025-03-28T14:57:53.120+0000] {logging_mixin.py:188} INFO -    pred_index        date
0     25950.0  2025-03-28
1     25963.0  2025-03-29
[2025-03-28T14:57:53.243+0000] {python.py:237} INFO - Done. Returned value was: None
[2025-03-28T14:57:53.243+0000] {taskinstance.py:441} INFO - ::group::Post task execution logs
[2025-03-28T14:57:53.247+0000] {taskinstance.py:1206} INFO - Marking task as SUCCESS. dag_id=dag_with_postgres_hooks, task_id=plot, run_id=scheduled__2025-03-27T13:30:00+00:00, execution_date=20250327T133000, start_date=20250328T145753, end_date=20250328T145753
[2025-03-28T14:57:53.262+0000] {local_task_job_runner.py:243} INFO - Task exited with return code 0
[2025-03-28T14:57:53.274+0000] {taskinstance.py:3503} INFO - 1 downstream tasks scheduled from follow-on schedule check
[2025-03-28T14:57:53.274+0000] {local_task_job_runner.py:222} INFO - ::endgroup::
