[2024-10-30T16:05:39.780+0000] {local_task_job_runner.py:120} INFO - ::group::Pre task execution logs
[2024-10-30T16:05:39.789+0000] {taskinstance.py:2076} INFO - Dependencies all met for dep_context=non-requeueable deps ti=<TaskInstance: dag_with_postgres_hooks.plot scheduled__2024-10-29T13:30:00+00:00 [queued]>
[2024-10-30T16:05:39.792+0000] {taskinstance.py:2076} INFO - Dependencies all met for dep_context=requeueable deps ti=<TaskInstance: dag_with_postgres_hooks.plot scheduled__2024-10-29T13:30:00+00:00 [queued]>
[2024-10-30T16:05:39.793+0000] {taskinstance.py:2306} INFO - Starting attempt 1 of 1
[2024-10-30T16:05:39.797+0000] {taskinstance.py:2330} INFO - Executing <Task(PythonOperator): plot> on 2024-10-29 13:30:00+00:00
[2024-10-30T16:05:39.803+0000] {warnings.py:112} WARNING - /home/***/.local/lib/python3.12/site-packages/***/task/task_runner/standard_task_runner.py:62: DeprecationWarning: This process (pid=347) is multi-threaded, use of fork() may lead to deadlocks in the child.
  pid = os.fork()

[2024-10-30T16:05:39.804+0000] {standard_task_runner.py:64} INFO - Started process 369 to run task
[2024-10-30T16:05:39.806+0000] {standard_task_runner.py:90} INFO - Running: ['***', 'tasks', 'run', 'dag_with_postgres_hooks', 'plot', 'scheduled__2024-10-29T13:30:00+00:00', '--job-id', '1241', '--raw', '--subdir', 'DAGS_FOLDER/Stock_pred.py', '--cfg-path', '/tmp/tmp49x212pq']
[2024-10-30T16:05:39.806+0000] {standard_task_runner.py:91} INFO - Job 1241: Subtask plot
[2024-10-30T16:05:39.824+0000] {task_command.py:426} INFO - Running <TaskInstance: dag_with_postgres_hooks.plot scheduled__2024-10-29T13:30:00+00:00 [running]> on host b7aba691e1ff
[2024-10-30T16:05:39.858+0000] {taskinstance.py:2648} INFO - Exporting env vars: AIRFLOW_CTX_DAG_EMAIL='***@example.com' AIRFLOW_CTX_DAG_OWNER='***' AIRFLOW_CTX_DAG_ID='dag_with_postgres_hooks' AIRFLOW_CTX_TASK_ID='plot' AIRFLOW_CTX_EXECUTION_DATE='2024-10-29T13:30:00+00:00' AIRFLOW_CTX_TRY_NUMBER='1' AIRFLOW_CTX_DAG_RUN_ID='scheduled__2024-10-29T13:30:00+00:00'
[2024-10-30T16:05:39.859+0000] {taskinstance.py:430} INFO - ::endgroup::
[2024-10-30T16:05:39.882+0000] {logging_mixin.py:188} INFO -            DATE    CLOSE
0    2020-10-02  10328.0
1    2020-10-05  10597.0
2    2020-10-08  10418.0
3    2020-10-09  10553.0
4    2020-10-12  10463.0
..          ...      ...
430  2024-10-08  25500.0
431  2024-10-09  26250.0
432  2024-10-10  26200.0
433  2024-10-11  26100.0
434  2024-10-30  25100.0

[435 rows x 2 columns]
[2024-10-30T16:05:39.887+0000] {logging_mixin.py:188} INFO - 2024-10-30
[2024-10-30T16:05:39.889+0000] {logging_mixin.py:188} INFO - 2024-10-31 00:00:00
[2024-10-30T16:05:39.890+0000] {logging_mixin.py:188} INFO -                      pred_index
2024-10-30              25100.0
2024-10-31 00:00:00     25125.0
[2024-10-30T16:05:39.893+0000] {logging_mixin.py:188} INFO -             pred_index
2024-10-30     25100.0
2024-10-31     25125.0
[2024-10-30T16:05:39.895+0000] {logging_mixin.py:188} INFO -        CLOSE        DATE
0    10328.0  2020-10-02
1    10597.0  2020-10-05
2    10418.0  2020-10-08
3    10553.0  2020-10-09
4    10463.0  2020-10-12
..       ...         ...
430  25500.0  2024-10-08
431  26250.0  2024-10-09
432  26200.0  2024-10-10
433  26100.0  2024-10-11
434  25100.0  2024-10-30

[435 rows x 2 columns]
[2024-10-30T16:05:39.897+0000] {logging_mixin.py:188} INFO -    pred_index        date
0     25100.0  2024-10-30
1     25125.0  2024-10-31
[2024-10-30T16:05:40.140+0000] {python.py:237} INFO - Done. Returned value was: None
[2024-10-30T16:05:40.140+0000] {taskinstance.py:441} INFO - ::group::Post task execution logs
[2024-10-30T16:05:40.144+0000] {taskinstance.py:1206} INFO - Marking task as SUCCESS. dag_id=dag_with_postgres_hooks, task_id=plot, run_id=scheduled__2024-10-29T13:30:00+00:00, execution_date=20241029T133000, start_date=20241030T160539, end_date=20241030T160540
[2024-10-30T16:05:40.192+0000] {local_task_job_runner.py:243} INFO - Task exited with return code 0
[2024-10-30T16:05:40.202+0000] {taskinstance.py:3503} INFO - 1 downstream tasks scheduled from follow-on schedule check
[2024-10-30T16:05:40.202+0000] {local_task_job_runner.py:222} INFO - ::endgroup::
