[2024-12-15T12:58:08.815+0000] {local_task_job_runner.py:120} INFO - ::group::Pre task execution logs
[2024-12-15T12:58:08.823+0000] {taskinstance.py:2076} INFO - Dependencies all met for dep_context=non-requeueable deps ti=<TaskInstance: dag_with_postgres_hooks.plot scheduled__2024-12-13T13:30:00+00:00 [queued]>
[2024-12-15T12:58:08.826+0000] {taskinstance.py:2076} INFO - Dependencies all met for dep_context=requeueable deps ti=<TaskInstance: dag_with_postgres_hooks.plot scheduled__2024-12-13T13:30:00+00:00 [queued]>
[2024-12-15T12:58:08.826+0000] {taskinstance.py:2306} INFO - Starting attempt 1 of 1
[2024-12-15T12:58:08.830+0000] {taskinstance.py:2330} INFO - Executing <Task(PythonOperator): plot> on 2024-12-13 13:30:00+00:00
[2024-12-15T12:58:08.835+0000] {warnings.py:112} WARNING - /home/***/.local/lib/python3.12/site-packages/***/task/task_runner/standard_task_runner.py:62: DeprecationWarning: This process (pid=224) is multi-threaded, use of fork() may lead to deadlocks in the child.
  pid = os.fork()

[2024-12-15T12:58:08.836+0000] {standard_task_runner.py:64} INFO - Started process 235 to run task
[2024-12-15T12:58:08.836+0000] {standard_task_runner.py:90} INFO - Running: ['***', 'tasks', 'run', 'dag_with_postgres_hooks', 'plot', 'scheduled__2024-12-13T13:30:00+00:00', '--job-id', '1403', '--raw', '--subdir', 'DAGS_FOLDER/Stock_pred.py', '--cfg-path', '/tmp/tmpq_ae525i']
[2024-12-15T12:58:08.837+0000] {standard_task_runner.py:91} INFO - Job 1403: Subtask plot
[2024-12-15T12:58:08.852+0000] {task_command.py:426} INFO - Running <TaskInstance: dag_with_postgres_hooks.plot scheduled__2024-12-13T13:30:00+00:00 [running]> on host b7aba691e1ff
[2024-12-15T12:58:08.881+0000] {taskinstance.py:2648} INFO - Exporting env vars: AIRFLOW_CTX_DAG_EMAIL='***@example.com' AIRFLOW_CTX_DAG_OWNER='***' AIRFLOW_CTX_DAG_ID='dag_with_postgres_hooks' AIRFLOW_CTX_TASK_ID='plot' AIRFLOW_CTX_EXECUTION_DATE='2024-12-13T13:30:00+00:00' AIRFLOW_CTX_TRY_NUMBER='1' AIRFLOW_CTX_DAG_RUN_ID='scheduled__2024-12-13T13:30:00+00:00'
[2024-12-15T12:58:08.882+0000] {taskinstance.py:430} INFO - ::endgroup::
[2024-12-15T12:58:08.900+0000] {logging_mixin.py:188} INFO -            DATE    CLOSE
0    2020-10-02  10328.0
1    2020-10-05  10597.0
2    2020-10-08  10418.0
3    2020-10-09  10553.0
4    2020-10-12  10463.0
..          ...      ...
433  2024-11-03  24900.0
434  2024-12-09  25500.0
435  2024-12-10  25350.0
436  2024-12-11  25400.0
437  2024-12-15  25150.0

[438 rows x 2 columns]
[2024-12-15T12:58:08.905+0000] {logging_mixin.py:188} INFO - 2024-12-15
[2024-12-15T12:58:08.907+0000] {logging_mixin.py:188} INFO - 2024-12-16 00:00:00
[2024-12-15T12:58:08.908+0000] {logging_mixin.py:188} INFO -                      pred_index
2024-12-15              25150.0
2024-12-16 00:00:00     25074.0
[2024-12-15T12:58:08.910+0000] {logging_mixin.py:188} INFO -             pred_index
2024-12-15     25150.0
2024-12-16     25074.0
[2024-12-15T12:58:08.912+0000] {logging_mixin.py:188} INFO -        CLOSE        DATE
0    10328.0  2020-10-02
1    10597.0  2020-10-05
2    10418.0  2020-10-08
3    10553.0  2020-10-09
4    10463.0  2020-10-12
..       ...         ...
433  24900.0  2024-11-03
434  25500.0  2024-12-09
435  25350.0  2024-12-10
436  25400.0  2024-12-11
437  25150.0  2024-12-15

[438 rows x 2 columns]
[2024-12-15T12:58:08.913+0000] {logging_mixin.py:188} INFO -    pred_index        date
0     25150.0  2024-12-15
1     25074.0  2024-12-16
[2024-12-15T12:58:09.131+0000] {python.py:237} INFO - Done. Returned value was: None
[2024-12-15T12:58:09.132+0000] {taskinstance.py:441} INFO - ::group::Post task execution logs
[2024-12-15T12:58:09.135+0000] {taskinstance.py:1206} INFO - Marking task as SUCCESS. dag_id=dag_with_postgres_hooks, task_id=plot, run_id=scheduled__2024-12-13T13:30:00+00:00, execution_date=20241213T133000, start_date=20241215T125808, end_date=20241215T125809
[2024-12-15T12:58:09.183+0000] {local_task_job_runner.py:243} INFO - Task exited with return code 0
[2024-12-15T12:58:09.195+0000] {taskinstance.py:3503} INFO - 1 downstream tasks scheduled from follow-on schedule check
[2024-12-15T12:58:09.196+0000] {local_task_job_runner.py:222} INFO - ::endgroup::
