[2024-10-10T12:01:41.786+0000] {local_task_job_runner.py:120} INFO - ::group::Pre task execution logs
[2024-10-10T12:01:41.797+0000] {taskinstance.py:2076} INFO - Dependencies all met for dep_context=non-requeueable deps ti=<TaskInstance: dag_with_postgres_hooks.plot manual__2024-10-10T12:01:20.447308+00:00 [queued]>
[2024-10-10T12:01:41.801+0000] {taskinstance.py:2076} INFO - Dependencies all met for dep_context=requeueable deps ti=<TaskInstance: dag_with_postgres_hooks.plot manual__2024-10-10T12:01:20.447308+00:00 [queued]>
[2024-10-10T12:01:41.801+0000] {taskinstance.py:2306} INFO - Starting attempt 1 of 1
[2024-10-10T12:01:41.807+0000] {taskinstance.py:2330} INFO - Executing <Task(PythonOperator): plot> on 2024-10-10 12:01:20.447308+00:00
[2024-10-10T12:01:41.813+0000] {warnings.py:112} WARNING - /home/***/.local/lib/python3.12/site-packages/***/task/task_runner/standard_task_runner.py:62: DeprecationWarning: This process (pid=8370) is multi-threaded, use of fork() may lead to deadlocks in the child.
  pid = os.fork()

[2024-10-10T12:01:41.815+0000] {standard_task_runner.py:64} INFO - Started process 8381 to run task
[2024-10-10T12:01:41.815+0000] {standard_task_runner.py:90} INFO - Running: ['***', 'tasks', 'run', 'dag_with_postgres_hooks', 'plot', 'manual__2024-10-10T12:01:20.447308+00:00', '--job-id', '1139', '--raw', '--subdir', 'DAGS_FOLDER/Stock_pred.py', '--cfg-path', '/tmp/tmpwni3zwhu']
[2024-10-10T12:01:41.816+0000] {standard_task_runner.py:91} INFO - Job 1139: Subtask plot
[2024-10-10T12:01:41.839+0000] {task_command.py:426} INFO - Running <TaskInstance: dag_with_postgres_hooks.plot manual__2024-10-10T12:01:20.447308+00:00 [running]> on host b7aba691e1ff
[2024-10-10T12:01:41.882+0000] {taskinstance.py:2648} INFO - Exporting env vars: AIRFLOW_CTX_DAG_EMAIL='***@example.com' AIRFLOW_CTX_DAG_OWNER='***' AIRFLOW_CTX_DAG_ID='dag_with_postgres_hooks' AIRFLOW_CTX_TASK_ID='plot' AIRFLOW_CTX_EXECUTION_DATE='2024-10-10T12:01:20.447308+00:00' AIRFLOW_CTX_TRY_NUMBER='1' AIRFLOW_CTX_DAG_RUN_ID='manual__2024-10-10T12:01:20.447308+00:00'
[2024-10-10T12:01:41.883+0000] {taskinstance.py:430} INFO - ::endgroup::
[2024-10-10T12:01:41.918+0000] {logging_mixin.py:188} INFO -            DATE    CLOSE
0    2020-10-02  10328.0
1    2020-10-05  10597.0
2    2020-10-08  10418.0
3    2020-10-09  10553.0
4    2020-10-12  10463.0
..          ...      ...
429  2024-10-04  25400.0
430  2024-10-07  25450.0
431  2024-10-08  25500.0
432  2024-10-09  26250.0
433  2024-10-10  26200.0

[434 rows x 2 columns]
[2024-10-10T12:01:41.926+0000] {logging_mixin.py:188} INFO - 2024-10-10
[2024-10-10T12:01:41.928+0000] {logging_mixin.py:188} INFO - 2024-10-11 00:00:00
[2024-10-10T12:01:41.929+0000] {logging_mixin.py:188} INFO -                      pred_index
2024-10-10              26200.0
2024-10-11 00:00:00     26075.0
[2024-10-10T12:01:41.933+0000] {logging_mixin.py:188} INFO -             pred_index
2024-10-10     26200.0
2024-10-11     26075.0
[2024-10-10T12:01:41.935+0000] {logging_mixin.py:188} INFO -        CLOSE        DATE
0    10328.0  2020-10-02
1    10597.0  2020-10-05
2    10418.0  2020-10-08
3    10553.0  2020-10-09
4    10463.0  2020-10-12
..       ...         ...
429  25400.0  2024-10-04
430  25450.0  2024-10-07
431  25500.0  2024-10-08
432  26250.0  2024-10-09
433  26200.0  2024-10-10

[434 rows x 2 columns]
[2024-10-10T12:01:41.937+0000] {logging_mixin.py:188} INFO -    pred_index        date
0     26200.0  2024-10-10
1     26075.0  2024-10-11
[2024-10-10T12:01:42.159+0000] {python.py:237} INFO - Done. Returned value was: None
[2024-10-10T12:01:42.159+0000] {taskinstance.py:441} INFO - ::group::Post task execution logs
[2024-10-10T12:01:42.165+0000] {taskinstance.py:1206} INFO - Marking task as SUCCESS. dag_id=dag_with_postgres_hooks, task_id=plot, run_id=manual__2024-10-10T12:01:20.447308+00:00, execution_date=20241010T120120, start_date=20241010T120141, end_date=20241010T120142
[2024-10-10T12:01:42.209+0000] {local_task_job_runner.py:243} INFO - Task exited with return code 0
[2024-10-10T12:01:42.221+0000] {taskinstance.py:3503} INFO - 1 downstream tasks scheduled from follow-on schedule check
[2024-10-10T12:01:42.222+0000] {local_task_job_runner.py:222} INFO - ::endgroup::
