[2024-10-10T08:47:33.635+0000] {local_task_job_runner.py:120} INFO - ::group::Pre task execution logs
[2024-10-10T08:47:33.644+0000] {taskinstance.py:2076} INFO - Dependencies all met for dep_context=non-requeueable deps ti=<TaskInstance: dag_with_postgres_hooks.plot manual__2024-10-10T08:47:06.402574+00:00 [queued]>
[2024-10-10T08:47:33.647+0000] {taskinstance.py:2076} INFO - Dependencies all met for dep_context=requeueable deps ti=<TaskInstance: dag_with_postgres_hooks.plot manual__2024-10-10T08:47:06.402574+00:00 [queued]>
[2024-10-10T08:47:33.647+0000] {taskinstance.py:2306} INFO - Starting attempt 1 of 1
[2024-10-10T08:47:33.651+0000] {taskinstance.py:2330} INFO - Executing <Task(PythonOperator): plot> on 2024-10-10 08:47:06.402574+00:00
[2024-10-10T08:47:33.656+0000] {warnings.py:112} WARNING - /home/***/.local/lib/python3.12/site-packages/***/task/task_runner/standard_task_runner.py:62: DeprecationWarning: This process (pid=704) is multi-threaded, use of fork() may lead to deadlocks in the child.
  pid = os.fork()

[2024-10-10T08:47:33.657+0000] {standard_task_runner.py:64} INFO - Started process 715 to run task
[2024-10-10T08:47:33.658+0000] {standard_task_runner.py:90} INFO - Running: ['***', 'tasks', 'run', 'dag_with_postgres_hooks', 'plot', 'manual__2024-10-10T08:47:06.402574+00:00', '--job-id', '1014', '--raw', '--subdir', 'DAGS_FOLDER/Stock_pred.py', '--cfg-path', '/tmp/tmpusgik75i']
[2024-10-10T08:47:33.658+0000] {standard_task_runner.py:91} INFO - Job 1014: Subtask plot
[2024-10-10T08:47:33.675+0000] {task_command.py:426} INFO - Running <TaskInstance: dag_with_postgres_hooks.plot manual__2024-10-10T08:47:06.402574+00:00 [running]> on host b7aba691e1ff
[2024-10-10T08:47:33.706+0000] {taskinstance.py:2648} INFO - Exporting env vars: AIRFLOW_CTX_DAG_EMAIL='***@example.com' AIRFLOW_CTX_DAG_OWNER='***' AIRFLOW_CTX_DAG_ID='dag_with_postgres_hooks' AIRFLOW_CTX_TASK_ID='plot' AIRFLOW_CTX_EXECUTION_DATE='2024-10-10T08:47:06.402574+00:00' AIRFLOW_CTX_TRY_NUMBER='1' AIRFLOW_CTX_DAG_RUN_ID='manual__2024-10-10T08:47:06.402574+00:00'
[2024-10-10T08:47:33.706+0000] {taskinstance.py:430} INFO - ::endgroup::
[2024-10-10T08:47:33.728+0000] {logging_mixin.py:188} INFO -            DATE    CLOSE
0    2020-07-17   8570.0
1    2020-07-20   8466.0
2    2020-07-21   8501.0
3    2020-07-22   8432.0
4    2020-07-23   8363.0
..          ...      ...
450  2024-08-08  23250.0
451  2024-08-09  23600.0
452  2024-08-29  24650.0
453  2024-08-30  24800.0
454  2024-10-10  26200.0

[455 rows x 2 columns]
[2024-10-10T08:47:33.734+0000] {logging_mixin.py:188} INFO - 2024-10-10
[2024-10-10T08:47:33.736+0000] {logging_mixin.py:188} INFO - 2024-10-11 00:00:00
[2024-10-10T08:47:33.737+0000] {logging_mixin.py:188} INFO -                      pred_index
2024-10-10              26200.0
2024-10-11 00:00:00     26119.0
[2024-10-10T08:47:33.740+0000] {logging_mixin.py:188} INFO -             pred_index
2024-10-10     26200.0
2024-10-11     26119.0
[2024-10-10T08:47:33.742+0000] {logging_mixin.py:188} INFO -        CLOSE        DATE
0     8570.0  2020-07-17
1     8466.0  2020-07-20
2     8501.0  2020-07-21
3     8432.0  2020-07-22
4     8363.0  2020-07-23
..       ...         ...
450  23250.0  2024-08-08
451  23600.0  2024-08-09
452  24650.0  2024-08-29
453  24800.0  2024-08-30
454  26200.0  2024-10-10

[455 rows x 2 columns]
[2024-10-10T08:47:33.743+0000] {logging_mixin.py:188} INFO -    pred_index        date
0     26200.0  2024-10-10
1     26119.0  2024-10-11
[2024-10-10T08:47:33.888+0000] {python.py:237} INFO - Done. Returned value was: None
[2024-10-10T08:47:33.889+0000] {taskinstance.py:441} INFO - ::group::Post task execution logs
[2024-10-10T08:47:33.896+0000] {taskinstance.py:1206} INFO - Marking task as SUCCESS. dag_id=dag_with_postgres_hooks, task_id=plot, run_id=manual__2024-10-10T08:47:06.402574+00:00, execution_date=20241010T084706, start_date=20241010T084733, end_date=20241010T084733
[2024-10-10T08:47:33.921+0000] {local_task_job_runner.py:243} INFO - Task exited with return code 0
[2024-10-10T08:47:33.930+0000] {taskinstance.py:3503} INFO - 1 downstream tasks scheduled from follow-on schedule check
[2024-10-10T08:47:33.931+0000] {local_task_job_runner.py:222} INFO - ::endgroup::
