[2025-03-18T15:18:17.214+0000] {local_task_job_runner.py:120} INFO - ::group::Pre task execution logs
[2025-03-18T15:18:17.229+0000] {taskinstance.py:2076} INFO - Dependencies all met for dep_context=non-requeueable deps ti=<TaskInstance: dag_with_postgres_hooks.plot scheduled__2025-03-17T13:30:00+00:00 [queued]>
[2025-03-18T15:18:17.234+0000] {taskinstance.py:2076} INFO - Dependencies all met for dep_context=requeueable deps ti=<TaskInstance: dag_with_postgres_hooks.plot scheduled__2025-03-17T13:30:00+00:00 [queued]>
[2025-03-18T15:18:17.235+0000] {taskinstance.py:2306} INFO - Starting attempt 1 of 1
[2025-03-18T15:18:17.242+0000] {taskinstance.py:2330} INFO - Executing <Task(PythonOperator): plot> on 2025-03-17 13:30:00+00:00
[2025-03-18T15:18:17.248+0000] {warnings.py:112} WARNING - /home/***/.local/lib/python3.12/site-packages/***/task/task_runner/standard_task_runner.py:62: DeprecationWarning: This process (pid=249) is multi-threaded, use of fork() may lead to deadlocks in the child.
  pid = os.fork()

[2025-03-18T15:18:17.249+0000] {standard_task_runner.py:64} INFO - Started process 263 to run task
[2025-03-18T15:18:17.250+0000] {standard_task_runner.py:90} INFO - Running: ['***', 'tasks', 'run', 'dag_with_postgres_hooks', 'plot', 'scheduled__2025-03-17T13:30:00+00:00', '--job-id', '1701', '--raw', '--subdir', 'DAGS_FOLDER/Stock_pred.py', '--cfg-path', '/tmp/tmplpvel4oa']
[2025-03-18T15:18:17.250+0000] {standard_task_runner.py:91} INFO - Job 1701: Subtask plot
[2025-03-18T15:18:17.276+0000] {task_command.py:426} INFO - Running <TaskInstance: dag_with_postgres_hooks.plot scheduled__2025-03-17T13:30:00+00:00 [running]> on host b7aba691e1ff
[2025-03-18T15:18:17.324+0000] {taskinstance.py:2648} INFO - Exporting env vars: AIRFLOW_CTX_DAG_EMAIL='***@example.com' AIRFLOW_CTX_DAG_OWNER='***' AIRFLOW_CTX_DAG_ID='dag_with_postgres_hooks' AIRFLOW_CTX_TASK_ID='plot' AIRFLOW_CTX_EXECUTION_DATE='2025-03-17T13:30:00+00:00' AIRFLOW_CTX_TRY_NUMBER='1' AIRFLOW_CTX_DAG_RUN_ID='scheduled__2025-03-17T13:30:00+00:00'
[2025-03-18T15:18:17.324+0000] {taskinstance.py:430} INFO - ::endgroup::
[2025-03-18T15:18:17.351+0000] {logging_mixin.py:188} INFO -            DATE    CLOSE
0    2022-12-30  15366.0
1    2023-01-03  15927.0
2    2023-01-04  15892.0
3    2023-01-05  16033.0
4    2023-01-06  16243.0
..          ...      ...
185  2025-02-02  25350.0
186  2025-02-06  25500.0
187  2025-03-07  26650.0
188  2025-03-16  26000.0
189  2025-03-18  26300.0

[190 rows x 2 columns]
[2025-03-18T15:18:17.356+0000] {logging_mixin.py:188} INFO - 2025-03-18
[2025-03-18T15:18:17.360+0000] {logging_mixin.py:188} INFO - 2025-03-19 00:00:00
[2025-03-18T15:18:17.361+0000] {logging_mixin.py:188} INFO -                      pred_index
2025-03-18              26300.0
2025-03-19 00:00:00     26228.0
[2025-03-18T15:18:17.364+0000] {logging_mixin.py:188} INFO -             pred_index
2025-03-18     26300.0
2025-03-19     26228.0
[2025-03-18T15:18:17.366+0000] {logging_mixin.py:188} INFO -        CLOSE        DATE
0    15366.0  2022-12-30
1    15927.0  2023-01-03
2    15892.0  2023-01-04
3    16033.0  2023-01-05
4    16243.0  2023-01-06
..       ...         ...
185  25350.0  2025-02-02
186  25500.0  2025-02-06
187  26650.0  2025-03-07
188  26000.0  2025-03-16
189  26300.0  2025-03-18

[190 rows x 2 columns]
[2025-03-18T15:18:17.367+0000] {logging_mixin.py:188} INFO -    pred_index        date
0     26300.0  2025-03-18
1     26228.0  2025-03-19
[2025-03-18T15:18:17.612+0000] {python.py:237} INFO - Done. Returned value was: None
[2025-03-18T15:18:17.612+0000] {taskinstance.py:441} INFO - ::group::Post task execution logs
[2025-03-18T15:18:17.616+0000] {taskinstance.py:1206} INFO - Marking task as SUCCESS. dag_id=dag_with_postgres_hooks, task_id=plot, run_id=scheduled__2025-03-17T13:30:00+00:00, execution_date=20250317T133000, start_date=20250318T151817, end_date=20250318T151817
[2025-03-18T15:18:17.638+0000] {local_task_job_runner.py:243} INFO - Task exited with return code 0
[2025-03-18T15:18:17.649+0000] {taskinstance.py:3503} INFO - 1 downstream tasks scheduled from follow-on schedule check
[2025-03-18T15:18:17.650+0000] {local_task_job_runner.py:222} INFO - ::endgroup::
