[2024-12-14T09:57:13.619+0000] {local_task_job_runner.py:120} INFO - ::group::Pre task execution logs
[2024-12-14T09:57:13.627+0000] {taskinstance.py:2076} INFO - Dependencies all met for dep_context=non-requeueable deps ti=<TaskInstance: dag_with_postgres_hooks.plot scheduled__2024-12-11T13:30:00+00:00 [queued]>
[2024-12-14T09:57:13.631+0000] {taskinstance.py:2076} INFO - Dependencies all met for dep_context=requeueable deps ti=<TaskInstance: dag_with_postgres_hooks.plot scheduled__2024-12-11T13:30:00+00:00 [queued]>
[2024-12-14T09:57:13.631+0000] {taskinstance.py:2306} INFO - Starting attempt 1 of 1
[2024-12-14T09:57:13.636+0000] {taskinstance.py:2330} INFO - Executing <Task(PythonOperator): plot> on 2024-12-11 13:30:00+00:00
[2024-12-14T09:57:13.640+0000] {warnings.py:112} WARNING - /home/***/.local/lib/python3.12/site-packages/***/task/task_runner/standard_task_runner.py:62: DeprecationWarning: This process (pid=348) is multi-threaded, use of fork() may lead to deadlocks in the child.
  pid = os.fork()

[2024-12-14T09:57:13.641+0000] {standard_task_runner.py:64} INFO - Started process 370 to run task
[2024-12-14T09:57:13.642+0000] {standard_task_runner.py:90} INFO - Running: ['***', 'tasks', 'run', 'dag_with_postgres_hooks', 'plot', 'scheduled__2024-12-11T13:30:00+00:00', '--job-id', '1390', '--raw', '--subdir', 'DAGS_FOLDER/Stock_pred.py', '--cfg-path', '/tmp/tmphvlg1z3f']
[2024-12-14T09:57:13.642+0000] {standard_task_runner.py:91} INFO - Job 1390: Subtask plot
[2024-12-14T09:57:13.659+0000] {task_command.py:426} INFO - Running <TaskInstance: dag_with_postgres_hooks.plot scheduled__2024-12-11T13:30:00+00:00 [running]> on host b7aba691e1ff
[2024-12-14T09:57:13.690+0000] {taskinstance.py:2648} INFO - Exporting env vars: AIRFLOW_CTX_DAG_EMAIL='***@example.com' AIRFLOW_CTX_DAG_OWNER='***' AIRFLOW_CTX_DAG_ID='dag_with_postgres_hooks' AIRFLOW_CTX_TASK_ID='plot' AIRFLOW_CTX_EXECUTION_DATE='2024-12-11T13:30:00+00:00' AIRFLOW_CTX_TRY_NUMBER='1' AIRFLOW_CTX_DAG_RUN_ID='scheduled__2024-12-11T13:30:00+00:00'
[2024-12-14T09:57:13.690+0000] {taskinstance.py:430} INFO - ::endgroup::
[2024-12-14T09:57:13.710+0000] {logging_mixin.py:188} INFO -            DATE    CLOSE
0    2020-10-02  10328.0
1    2020-10-05  10597.0
2    2020-10-08  10418.0
3    2020-10-09  10553.0
4    2020-10-12  10463.0
..          ...      ...
433  2024-11-03  24900.0
434  2024-12-09  25500.0
435  2024-12-10  25350.0
436  2024-12-11  25400.0
437  2024-12-14  25150.0

[438 rows x 2 columns]
[2024-12-14T09:57:13.716+0000] {logging_mixin.py:188} INFO - 2024-12-14
[2024-12-14T09:57:13.717+0000] {logging_mixin.py:188} INFO - 2024-12-15 00:00:00
[2024-12-14T09:57:13.719+0000] {logging_mixin.py:188} INFO -                      pred_index
2024-12-14              25150.0
2024-12-15 00:00:00     25073.0
[2024-12-14T09:57:13.721+0000] {logging_mixin.py:188} INFO -             pred_index
2024-12-14     25150.0
2024-12-15     25073.0
[2024-12-14T09:57:13.723+0000] {logging_mixin.py:188} INFO -        CLOSE        DATE
0    10328.0  2020-10-02
1    10597.0  2020-10-05
2    10418.0  2020-10-08
3    10553.0  2020-10-09
4    10463.0  2020-10-12
..       ...         ...
433  24900.0  2024-11-03
434  25500.0  2024-12-09
435  25350.0  2024-12-10
436  25400.0  2024-12-11
437  25150.0  2024-12-14

[438 rows x 2 columns]
[2024-12-14T09:57:13.724+0000] {logging_mixin.py:188} INFO -    pred_index        date
0     25150.0  2024-12-14
1     25073.0  2024-12-15
[2024-12-14T09:57:13.965+0000] {python.py:237} INFO - Done. Returned value was: None
[2024-12-14T09:57:13.965+0000] {taskinstance.py:441} INFO - ::group::Post task execution logs
[2024-12-14T09:57:13.968+0000] {taskinstance.py:1206} INFO - Marking task as SUCCESS. dag_id=dag_with_postgres_hooks, task_id=plot, run_id=scheduled__2024-12-11T13:30:00+00:00, execution_date=20241211T133000, start_date=20241214T095713, end_date=20241214T095713
[2024-12-14T09:57:13.987+0000] {local_task_job_runner.py:243} INFO - Task exited with return code 0
[2024-12-14T09:57:13.997+0000] {taskinstance.py:3503} INFO - 1 downstream tasks scheduled from follow-on schedule check
[2024-12-14T09:57:13.998+0000] {local_task_job_runner.py:222} INFO - ::endgroup::
